$ python quick_sort.py
[7651, 93775, 23109, 11691, 13437, 12740, 73544, 78743, 72949, 58766, 64731, 10975, 36913, 3039, 13080, 27686, 49348, 39613, 12348, 28840, 37188, 20565, 76159, 32355, 73928, 29303, 15977, 71858, 93284, 14967, 11009, 81630, 91035, 11721, 93149, 9412, 71302, 19279, 8411, 41509, 30817, 60240, 51611, 17057, 13374, 47606, 42521, 13253, 91729, 18244, 15121, 72049, 54305, 48128, 81262, 69951, 48118, 80239, 23034, 89782, 87219, 8865, 97170, 51070, 45505, 9271, 56086, 95473, 47949, 6185, 49420, 70687, 15065, 50686, 64042, 86984, 3947, 84210, 24068, 50404, 90121, 18088, 2320, 94853, 21078, 15516, 23017, 9461, 27501, 23575, 41054, 46969, 63378, 76526, 95021, 41570, 34571, 57645, 55057, 81556]
[3039, 2320, 3947, 6185, 7651, 12740, 73544, 78743, 72949, 58766, 64731, 10975, 36913, 13437, 13080, 27686, 49348, 39613, 12348, 28840, 37188, 20565, 76159, 32355, 73928, 29303, 15977, 71858, 93284, 14967, 11009, 81630, 91035, 11721, 93149, 9412, 71302, 19279, 8411, 41509, 30817, 60240, 51611, 17057, 13374, 47606,
42521, 13253, 91729, 18244, 15121, 72049, 54305, 48128, 81262, 69951, 48118, 80239, 23034, 89782, 87219, 8865, 97170, 51070, 45505, 9271, 56086, 95473, 47949, 11691, 49420, 70687, 15065, 50686, 64042, 86984, 23109, 84210, 24068, 50404, 90121, 18088, 93775, 94853, 21078, 15516, 23017, 9461, 27501, 23575, 41054, 46969, 63378, 76526, 95021, 41570, 34571, 57645, 55057, 81556]
[2320, 3039, 3947, 6185, 7651, 12740, 73544, 78743, 72949, 58766, 64731, 10975, 36913, 13437, 13080, 27686, 49348, 39613, 12348, 28840, 37188, 20565, 76159, 32355, 73928, 29303, 15977, 71858, 93284, 14967, 11009, 81630, 91035, 11721, 93149, 9412, 71302, 19279, 8411, 41509, 30817, 60240, 51611, 17057, 13374, 47606,
42521, 13253, 91729, 18244, 15121, 72049, 54305, 48128, 81262, 69951, 48118, 80239, 23034, 89782, 87219, 8865, 97170, 51070, 45505, 9271, 56086, 95473, 47949, 11691, 49420, 70687, 15065, 50686, 64042, 86984, 23109, 84210, 24068, 50404, 90121, 18088, 93775, 94853, 21078, 15516, 23017, 9461, 27501, 23575, 41054, 46969, 63378, 76526, 95021, 41570, 34571, 57645, 55057, 81556]
[2320, 3039, 3947, 6185, 7651, 12740, 73544, 78743, 72949, 58766, 64731, 10975, 36913, 13437, 13080, 27686, 49348, 39613, 12348, 28840, 37188, 20565, 76159, 32355, 73928, 29303, 15977, 71858, 93284, 14967, 11009, 81630, 91035, 11721, 93149, 9412, 71302, 19279, 8411, 41509, 30817, 60240, 51611, 17057, 13374, 47606,
42521, 13253, 91729, 18244, 15121, 72049, 54305, 48128, 81262, 69951, 48118, 80239, 23034, 89782, 87219, 8865, 97170, 51070, 45505, 9271, 56086, 95473, 47949, 11691, 49420, 70687, 15065, 50686, 64042, 86984, 23109, 84210, 24068, 50404, 90121, 18088, 93775, 94853, 21078, 15516, 23017, 9461, 27501, 23575, 41054, 46969, 63378, 76526, 95021, 41570, 34571, 57645, 55057, 81556]
[2320, 3039, 3947, 6185, 7651, 12348, 9461, 11691, 9271, 8865, 8411, 10975, 9412, 11721, 11009, 12740, 49348, 39613, 27686, 28840, 37188, 20565, 76159, 32355, 73928, 29303, 15977, 71858, 93284, 14967, 13080, 81630, 91035, 13437, 93149, 36913, 71302, 19279, 64731, 41509, 30817, 60240, 51611, 17057, 13374, 47606, 42521, 13253, 91729, 18244, 15121, 72049, 54305, 48128, 81262, 69951, 48118, 80239, 23034, 89782, 87219, 58766, 97170, 51070, 45505, 72949, 56086, 95473, 47949,
78743, 49420, 70687, 15065, 50686, 64042, 86984, 23109, 84210, 24068, 50404, 90121, 18088, 93775, 94853, 21078, 15516, 23017, 73544, 27501, 23575, 41054, 46969, 63378, 76526, 95021, 41570, 34571, 57645, 55057, 81556]
[2320, 3039, 3947, 6185, 7651, 11009, 9461, 11691, 9271, 8865, 8411, 10975, 9412, 11721, 12348, 12740, 49348, 39613, 27686, 28840, 37188, 20565, 76159, 32355, 73928, 29303, 15977, 71858, 93284, 14967, 13080, 81630, 91035, 13437, 93149, 36913, 71302, 19279, 64731, 41509, 30817, 60240, 51611, 17057, 13374, 47606, 42521, 13253, 91729, 18244, 15121, 72049, 54305, 48128, 81262, 69951, 48118, 80239, 23034, 89782, 87219, 58766, 97170, 51070, 45505, 72949, 56086, 95473, 47949,
78743, 49420, 70687, 15065, 50686, 64042, 86984, 23109, 84210, 24068, 50404, 90121, 18088, 93775, 94853, 21078, 15516, 23017, 73544, 27501, 23575, 41054, 46969, 63378, 76526, 95021, 41570, 34571, 57645, 55057, 81556]
[2320, 3039, 3947, 6185, 7651, 10975, 9461, 9412, 9271, 8865, 8411, 11009, 11691, 11721, 12348, 12740, 49348, 39613, 27686, 28840, 37188, 20565, 76159, 32355, 73928, 29303, 15977, 71858, 93284, 14967, 13080, 81630, 91035, 13437, 93149, 36913, 71302, 19279, 64731, 41509, 30817, 60240, 51611, 17057, 13374, 47606, 42521, 13253, 91729, 18244, 15121, 72049, 54305, 48128, 81262, 69951, 48118, 80239, 23034, 89782, 87219, 58766, 97170, 51070, 45505, 72949, 56086, 95473, 47949,
78743, 49420, 70687, 15065, 50686, 64042, 86984, 23109, 84210, 24068, 50404, 90121, 18088, 93775, 94853, 21078, 15516, 23017, 73544, 27501, 23575, 41054, 46969, 63378, 76526, 95021, 41570, 34571, 57645, 55057, 81556]
[2320, 3039, 3947, 6185, 7651, 8411, 9461, 9412, 9271, 8865, 10975, 11009, 11691, 11721, 12348, 12740, 49348, 39613, 27686, 28840, 37188, 20565, 76159, 32355, 73928, 29303, 15977, 71858, 93284, 14967, 13080, 81630, 91035, 13437, 93149, 36913, 71302, 19279, 64731, 41509, 30817, 60240, 51611, 17057, 13374, 47606, 42521, 13253, 91729, 18244, 15121, 72049, 54305, 48128, 81262, 69951, 48118, 80239, 23034, 89782, 87219, 58766, 97170, 51070, 45505, 72949, 56086, 95473, 47949,
78743, 49420, 70687, 15065, 50686, 64042, 86984, 23109, 84210, 24068, 50404, 90121, 18088, 93775, 94853, 21078, 15516, 23017, 73544, 27501, 23575, 41054, 46969, 63378, 76526, 95021, 41570, 34571, 57645, 55057, 81556]
[2320, 3039, 3947, 6185, 7651, 8411, 9461, 9412, 9271, 8865, 10975, 11009, 11691, 11721, 12348, 12740, 49348, 39613, 27686, 28840, 37188, 20565, 76159, 32355, 73928, 29303, 15977, 71858, 93284, 14967, 13080, 81630, 91035, 13437, 93149, 36913, 71302, 19279, 64731, 41509, 30817, 60240, 51611, 17057, 13374, 47606, 42521, 13253, 91729, 18244, 15121, 72049, 54305, 48128, 81262, 69951, 48118, 80239, 23034, 89782, 87219, 58766, 97170, 51070, 45505, 72949, 56086, 95473, 47949,
78743, 49420, 70687, 15065, 50686, 64042, 86984, 23109, 84210, 24068, 50404, 90121, 18088, 93775, 94853, 21078, 15516, 23017, 73544, 27501, 23575, 41054, 46969, 63378, 76526, 95021, 41570, 34571, 57645, 55057, 81556]
[2320, 3039, 3947, 6185, 7651, 8411, 8865, 9412, 9271, 9461, 10975, 11009, 11691, 11721, 12348, 12740, 49348, 39613, 27686, 28840, 37188, 20565, 76159, 32355, 73928, 29303, 15977, 71858, 93284, 14967, 13080, 81630, 91035, 13437, 93149, 36913, 71302, 19279, 64731, 41509, 30817, 60240, 51611, 17057, 13374, 47606, 42521, 13253, 91729, 18244, 15121, 72049, 54305, 48128, 81262, 69951, 48118, 80239, 23034, 89782, 87219, 58766, 97170, 51070, 45505, 72949, 56086, 95473, 47949,
78743, 49420, 70687, 15065, 50686, 64042, 86984, 23109, 84210, 24068, 50404, 90121, 18088, 93775, 94853, 21078, 15516, 23017, 73544, 27501, 23575, 41054, 46969, 63378, 76526, 95021, 41570, 34571, 57645, 55057, 81556]
[2320, 3039, 3947, 6185, 7651, 8411, 8865, 9412, 9271, 9461, 10975, 11009, 11691, 11721, 12348, 12740, 49348, 39613, 27686, 28840, 37188, 20565, 76159, 32355, 73928, 29303, 15977, 71858, 93284, 14967, 13080, 81630, 91035, 13437, 93149, 36913, 71302, 19279, 64731, 41509, 30817, 60240, 51611, 17057, 13374, 47606, 42521, 13253, 91729, 18244, 15121, 72049, 54305, 48128, 81262, 69951, 48118, 80239, 23034, 89782, 87219, 58766, 97170, 51070, 45505, 72949, 56086, 95473, 47949,
78743, 49420, 70687, 15065, 50686, 64042, 86984, 23109, 84210, 24068, 50404, 90121, 18088, 93775, 94853, 21078, 15516, 23017, 73544, 27501, 23575, 41054, 46969, 63378, 76526, 95021, 41570, 34571, 57645, 55057, 81556]
[2320, 3039, 3947, 6185, 7651, 8411, 8865, 9271, 9412, 9461, 10975, 11009, 11691, 11721, 12348, 12740, 49348, 39613, 27686, 28840, 37188, 20565, 76159, 32355, 73928, 29303, 15977, 71858, 93284, 14967, 13080, 81630, 91035, 13437, 93149, 36913, 71302, 19279, 64731, 41509, 30817, 60240, 51611, 17057, 13374, 47606, 42521, 13253, 91729, 18244, 15121, 72049, 54305, 48128, 81262, 69951, 48118, 80239, 23034, 89782, 87219, 58766, 97170, 51070, 45505, 72949, 56086, 95473, 47949,
78743, 49420, 70687, 15065, 50686, 64042, 86984, 23109, 84210, 24068, 50404, 90121, 18088, 93775, 94853, 21078, 15516, 23017, 73544, 27501, 23575, 41054, 46969, 63378, 76526, 95021, 41570, 34571, 57645, 55057, 81556]
[2320, 3039, 3947, 6185, 7651, 8411, 8865, 9271, 9412, 9461, 10975, 11009, 11691, 11721, 12348, 12740, 49348, 39613, 27686, 28840, 37188, 20565, 76159, 32355, 73928, 29303, 15977, 71858, 93284, 14967, 13080, 81630, 91035, 13437, 93149, 36913, 71302, 19279, 64731, 41509, 30817, 60240, 51611, 17057, 13374, 47606, 42521, 13253, 91729, 18244, 15121, 72049, 54305, 48128, 81262, 69951, 48118, 80239, 23034, 89782, 87219, 58766, 97170, 51070, 45505, 72949, 56086, 95473, 47949,
78743, 49420, 70687, 15065, 50686, 64042, 86984, 23109, 84210, 24068, 50404, 90121, 18088, 93775, 94853, 21078, 15516, 23017, 73544, 27501, 23575, 41054, 46969, 63378, 76526, 95021, 41570, 34571, 57645, 55057, 81556]
[2320, 3039, 3947, 6185, 7651, 8411, 8865, 9271, 9412, 9461, 10975, 11009, 11691, 11721, 12348, 12740, 48118, 39613, 27686, 28840, 37188, 20565, 34571, 32355, 41570, 29303, 15977, 46969, 41054, 14967, 13080, 23575, 27501, 13437, 23017, 36913, 15516, 19279, 21078, 41509, 30817, 18088, 24068, 17057, 13374, 47606, 42521, 13253, 23109, 18244, 15121, 15065, 47949, 48128, 45505, 23034, 49348, 80239, 69951, 89782, 87219, 58766, 97170, 51070, 81262, 72949, 56086, 95473, 54305,
78743, 49420, 70687, 72049, 50686, 64042, 86984, 91729, 84210, 51611, 50404, 90121, 60240, 93775, 94853, 64731, 71302, 93149, 73544, 91035, 81630, 93284, 71858, 63378, 76526, 95021, 73928, 76159, 57645, 55057, 81556]
[2320, 3039, 3947, 6185, 7651, 8411, 8865, 9271, 9412, 9461, 10975, 11009, 11691, 11721, 12348, 12740, 45505, 39613, 27686, 28840, 37188, 20565, 34571, 32355, 41570, 29303, 15977, 46969, 41054, 14967, 13080, 23575, 27501, 13437, 23017, 36913, 15516, 19279, 21078, 41509, 30817, 18088, 24068, 17057, 13374, 47606, 42521, 13253, 23109, 18244, 15121, 15065, 47949, 23034, 48118, 48128, 49348, 80239, 69951, 89782, 87219, 58766, 97170, 51070, 81262, 72949, 56086, 95473, 54305,
78743, 49420, 70687, 72049, 50686, 64042, 86984, 91729, 84210, 51611, 50404, 90121, 60240, 93775, 94853, 64731, 71302, 93149, 73544, 91035, 81630, 93284, 71858, 63378, 76526, 95021, 73928, 76159, 57645, 55057, 81556]
[2320, 3039, 3947, 6185, 7651, 8411, 8865, 9271, 9412, 9461, 10975, 11009, 11691, 11721, 12348, 12740, 15121, 39613, 27686, 28840, 37188, 20565, 34571, 32355, 41570, 29303, 15977, 23034, 41054, 14967, 13080, 23575, 27501, 13437, 23017, 36913, 15516, 19279, 21078, 41509, 30817, 18088, 24068, 17057, 13374, 15065, 42521, 13253, 23109, 18244, 45505, 47606, 47949, 46969, 48118, 48128, 49348, 80239, 69951, 89782, 87219, 58766, 97170, 51070, 81262, 72949, 56086, 95473, 54305,
78743, 49420, 70687, 72049, 50686, 64042, 86984, 91729, 84210, 51611, 50404, 90121, 60240, 93775, 94853, 64731, 71302, 93149, 73544, 91035, 81630, 93284, 71858, 63378, 76526, 95021, 73928, 76159, 57645, 55057, 81556]
[2320, 3039, 3947, 6185, 7651, 8411, 8865, 9271, 9412, 9461, 10975, 11009, 11691, 11721, 12348, 12740, 14967, 13253, 15065, 13374, 13437, 13080, 15121, 32355, 41570, 29303, 15977, 23034, 41054, 34571, 20565, 23575, 27501, 37188, 23017, 36913, 15516, 19279, 21078, 41509, 30817, 18088, 24068, 17057, 28840, 27686, 42521, 39613, 23109, 18244, 45505, 47606, 47949, 46969, 48118, 48128, 49348, 80239, 69951, 89782, 87219, 58766, 97170, 51070, 81262, 72949, 56086, 95473, 54305,
78743, 49420, 70687, 72049, 50686, 64042, 86984, 91729, 84210, 51611, 50404, 90121, 60240, 93775, 94853, 64731, 71302, 93149, 73544, 91035, 81630, 93284, 71858, 63378, 76526, 95021, 73928, 76159, 57645, 55057, 81556]
[2320, 3039, 3947, 6185, 7651, 8411, 8865, 9271, 9412, 9461, 10975, 11009, 11691, 11721, 12348, 12740, 13437, 13253, 13080, 13374, 14967, 15065, 15121, 32355, 41570, 29303, 15977, 23034, 41054, 34571, 20565, 23575, 27501, 37188, 23017, 36913, 15516, 19279, 21078, 41509, 30817, 18088, 24068, 17057, 28840, 27686, 42521, 39613, 23109, 18244, 45505, 47606, 47949, 46969, 48118, 48128, 49348, 80239, 69951, 89782, 87219, 58766, 97170, 51070, 81262, 72949, 56086, 95473, 54305,
78743, 49420, 70687, 72049, 50686, 64042, 86984, 91729, 84210, 51611, 50404, 90121, 60240, 93775, 94853, 64731, 71302, 93149, 73544, 91035, 81630, 93284, 71858, 63378, 76526, 95021, 73928, 76159, 57645, 55057, 81556]
[2320, 3039, 3947, 6185, 7651, 8411, 8865, 9271, 9412, 9461, 10975, 11009, 11691, 11721, 12348, 12740, 13374, 13253, 13080, 13437, 14967, 15065, 15121, 32355, 41570, 29303, 15977, 23034, 41054, 34571, 20565, 23575, 27501, 37188, 23017, 36913, 15516, 19279, 21078, 41509, 30817, 18088, 24068, 17057, 28840, 27686, 42521, 39613, 23109, 18244, 45505, 47606, 47949, 46969, 48118, 48128, 49348, 80239, 69951, 89782, 87219, 58766, 97170, 51070, 81262, 72949, 56086, 95473, 54305,
78743, 49420, 70687, 72049, 50686, 64042, 86984, 91729, 84210, 51611, 50404, 90121, 60240, 93775, 94853, 64731, 71302, 93149, 73544, 91035, 81630, 93284, 71858, 63378, 76526, 95021, 73928, 76159, 57645, 55057, 81556]
[2320, 3039, 3947, 6185, 7651, 8411, 8865, 9271, 9412, 9461, 10975, 11009, 11691, 11721, 12348, 12740, 13080, 13253, 13374, 13437, 14967, 15065, 15121, 32355, 41570, 29303, 15977, 23034, 41054, 34571, 20565, 23575, 27501, 37188, 23017, 36913, 15516, 19279, 21078, 41509, 30817, 18088, 24068, 17057, 28840, 27686, 42521, 39613, 23109, 18244, 45505, 47606, 47949, 46969, 48118, 48128, 49348, 80239, 69951, 89782, 87219, 58766, 97170, 51070, 81262, 72949, 56086, 95473, 54305,
78743, 49420, 70687, 72049, 50686, 64042, 86984, 91729, 84210, 51611, 50404, 90121, 60240, 93775, 94853, 64731, 71302, 93149, 73544, 91035, 81630, 93284, 71858, 63378, 76526, 95021, 73928, 76159, 57645, 55057, 81556]
[2320, 3039, 3947, 6185, 7651, 8411, 8865, 9271, 9412, 9461, 10975, 11009, 11691, 11721, 12348, 12740, 13080, 13253, 13374, 13437, 14967, 15065, 15121, 32355, 41570, 29303, 15977, 23034, 41054, 34571, 20565, 23575, 27501, 37188, 23017, 36913, 15516, 19279, 21078, 41509, 30817, 18088, 24068, 17057, 28840, 27686, 42521, 39613, 23109, 18244, 45505, 47606, 47949, 46969, 48118, 48128, 49348, 80239, 69951, 89782, 87219, 58766, 97170, 51070, 81262, 72949, 56086, 95473, 54305,
78743, 49420, 70687, 72049, 50686, 64042, 86984, 91729, 84210, 51611, 50404, 90121, 60240, 93775, 94853, 64731, 71302, 93149, 73544, 91035, 81630, 93284, 71858, 63378, 76526, 95021, 73928, 76159, 57645, 55057, 81556]
[2320, 3039, 3947, 6185, 7651, 8411, 8865, 9271, 9412, 9461, 10975, 11009, 11691, 11721, 12348, 12740, 13080, 13253, 13374, 13437, 14967, 15065, 15121, 18088, 18244, 29303, 15977, 23034, 23109, 27686, 20565, 23575, 27501, 28840, 23017, 17057, 15516, 19279, 21078, 24068, 30817, 32355, 41509, 36913, 37188, 34571, 42521, 39613, 41054, 41570, 45505, 47606, 47949, 46969, 48118, 48128, 49348, 80239, 69951, 89782, 87219, 58766, 97170, 51070, 81262, 72949, 56086, 95473, 54305,
78743, 49420, 70687, 72049, 50686, 64042, 86984, 91729, 84210, 51611, 50404, 90121, 60240, 93775, 94853, 64731, 71302, 93149, 73544, 91035, 81630, 93284, 71858, 63378, 76526, 95021, 73928, 76159, 57645, 55057, 81556]
[2320, 3039, 3947, 6185, 7651, 8411, 8865, 9271, 9412, 9461, 10975, 11009, 11691, 11721, 12348, 12740, 13080, 13253, 13374, 13437, 14967, 15065, 15121, 15977, 15516, 17057, 18088, 23034, 23109, 27686, 20565, 23575, 27501, 28840, 23017, 29303, 18244, 19279, 21078, 24068, 30817, 32355, 41509, 36913, 37188, 34571, 42521, 39613, 41054, 41570, 45505, 47606, 47949, 46969, 48118, 48128, 49348, 80239, 69951, 89782, 87219, 58766, 97170, 51070, 81262, 72949, 56086, 95473, 54305,
78743, 49420, 70687, 72049, 50686, 64042, 86984, 91729, 84210, 51611, 50404, 90121, 60240, 93775, 94853, 64731, 71302, 93149, 73544, 91035, 81630, 93284, 71858, 63378, 76526, 95021, 73928, 76159, 57645, 55057, 81556]
[2320, 3039, 3947, 6185, 7651, 8411, 8865, 9271, 9412, 9461, 10975, 11009, 11691, 11721, 12348, 12740, 13080, 13253, 13374, 13437, 14967, 15065, 15121, 15516, 15977, 17057, 18088, 23034, 23109, 27686, 20565, 23575, 27501, 28840, 23017, 29303, 18244, 19279, 21078, 24068, 30817, 32355, 41509, 36913, 37188, 34571, 42521, 39613, 41054, 41570, 45505, 47606, 47949, 46969, 48118, 48128, 49348, 80239, 69951, 89782, 87219, 58766, 97170, 51070, 81262, 72949, 56086, 95473, 54305,
78743, 49420, 70687, 72049, 50686, 64042, 86984, 91729, 84210, 51611, 50404, 90121, 60240, 93775, 94853, 64731, 71302, 93149, 73544, 91035, 81630, 93284, 71858, 63378, 76526, 95021, 73928, 76159, 57645, 55057, 81556]
[2320, 3039, 3947, 6185, 7651, 8411, 8865, 9271, 9412, 9461, 10975, 11009, 11691, 11721, 12348, 12740, 13080, 13253, 13374, 13437, 14967, 15065, 15121, 15516, 15977, 17057, 18088, 23017, 21078, 19279, 20565, 18244, 23034, 28840, 27501, 29303, 23575, 27686, 23109, 24068, 30817, 32355, 41509, 36913, 37188, 34571, 42521, 39613, 41054, 41570, 45505, 47606, 47949, 46969, 48118, 48128, 49348, 80239, 69951, 89782, 87219, 58766, 97170, 51070, 81262, 72949, 56086, 95473, 54305,
78743, 49420, 70687, 72049, 50686, 64042, 86984, 91729, 84210, 51611, 50404, 90121, 60240, 93775, 94853, 64731, 71302, 93149, 73544, 91035, 81630, 93284, 71858, 63378, 76526, 95021, 73928, 76159, 57645, 55057, 81556]
[2320, 3039, 3947, 6185, 7651, 8411, 8865, 9271, 9412, 9461, 10975, 11009, 11691, 11721, 12348, 12740, 13080, 13253, 13374, 13437, 14967, 15065, 15121, 15516, 15977, 17057, 18088, 18244, 21078, 19279, 20565, 23017, 23034, 28840, 27501, 29303, 23575, 27686, 23109, 24068, 30817, 32355, 41509, 36913, 37188, 34571, 42521, 39613, 41054, 41570, 45505, 47606, 47949, 46969, 48118, 48128, 49348, 80239, 69951, 89782, 87219, 58766, 97170, 51070, 81262, 72949, 56086, 95473, 54305,
78743, 49420, 70687, 72049, 50686, 64042, 86984, 91729, 84210, 51611, 50404, 90121, 60240, 93775, 94853, 64731, 71302, 93149, 73544, 91035, 81630, 93284, 71858, 63378, 76526, 95021, 73928, 76159, 57645, 55057, 81556]
[2320, 3039, 3947, 6185, 7651, 8411, 8865, 9271, 9412, 9461, 10975, 11009, 11691, 11721, 12348, 12740, 13080, 13253, 13374, 13437, 14967, 15065, 15121, 15516, 15977, 17057, 18088, 18244, 21078, 19279, 20565, 23017, 23034, 28840, 27501, 29303, 23575, 27686, 23109, 24068, 30817, 32355, 41509, 36913, 37188, 34571, 42521, 39613, 41054, 41570, 45505, 47606, 47949, 46969, 48118, 48128, 49348, 80239, 69951, 89782, 87219, 58766, 97170, 51070, 81262, 72949, 56086, 95473, 54305,
78743, 49420, 70687, 72049, 50686, 64042, 86984, 91729, 84210, 51611, 50404, 90121, 60240, 93775, 94853, 64731, 71302, 93149, 73544, 91035, 81630, 93284, 71858, 63378, 76526, 95021, 73928, 76159, 57645, 55057, 81556]
[2320, 3039, 3947, 6185, 7651, 8411, 8865, 9271, 9412, 9461, 10975, 11009, 11691, 11721, 12348, 12740, 13080, 13253, 13374, 13437, 14967, 15065, 15121, 15516, 15977, 17057, 18088, 18244, 20565, 19279, 21078, 23017, 23034, 28840, 27501, 29303, 23575, 27686, 23109, 24068, 30817, 32355, 41509, 36913, 37188, 34571, 42521, 39613, 41054, 41570, 45505, 47606, 47949, 46969, 48118, 48128, 49348, 80239, 69951, 89782, 87219, 58766, 97170, 51070, 81262, 72949, 56086, 95473, 54305,
78743, 49420, 70687, 72049, 50686, 64042, 86984, 91729, 84210, 51611, 50404, 90121, 60240, 93775, 94853, 64731, 71302, 93149, 73544, 91035, 81630, 93284, 71858, 63378, 76526, 95021, 73928, 76159, 57645, 55057, 81556]
[2320, 3039, 3947, 6185, 7651, 8411, 8865, 9271, 9412, 9461, 10975, 11009, 11691, 11721, 12348, 12740, 13080, 13253, 13374, 13437, 14967, 15065, 15121, 15516, 15977, 17057, 18088, 18244, 19279, 20565, 21078, 23017, 23034, 28840, 27501, 29303, 23575, 27686, 23109, 24068, 30817, 32355, 41509, 36913, 37188, 34571, 42521, 39613, 41054, 41570, 45505, 47606, 47949, 46969, 48118, 48128, 49348, 80239, 69951, 89782, 87219, 58766, 97170, 51070, 81262, 72949, 56086, 95473, 54305,
78743, 49420, 70687, 72049, 50686, 64042, 86984, 91729, 84210, 51611, 50404, 90121, 60240, 93775, 94853, 64731, 71302, 93149, 73544, 91035, 81630, 93284, 71858, 63378, 76526, 95021, 73928, 76159, 57645, 55057, 81556]
[2320, 3039, 3947, 6185, 7651, 8411, 8865, 9271, 9412, 9461, 10975, 11009, 11691, 11721, 12348, 12740, 13080, 13253, 13374, 13437, 14967, 15065, 15121, 15516, 15977, 17057, 18088, 18244, 19279, 20565, 21078, 23017, 23034, 23109, 27501, 24068, 23575, 27686, 28840, 29303, 30817, 32355, 41509, 36913, 37188, 34571, 42521, 39613, 41054, 41570, 45505, 47606, 47949, 46969, 48118, 48128, 49348, 80239, 69951, 89782, 87219, 58766, 97170, 51070, 81262, 72949, 56086, 95473, 54305,
78743, 49420, 70687, 72049, 50686, 64042, 86984, 91729, 84210, 51611, 50404, 90121, 60240, 93775, 94853, 64731, 71302, 93149, 73544, 91035, 81630, 93284, 71858, 63378, 76526, 95021, 73928, 76159, 57645, 55057, 81556]
[2320, 3039, 3947, 6185, 7651, 8411, 8865, 9271, 9412, 9461, 10975, 11009, 11691, 11721, 12348, 12740, 13080, 13253, 13374, 13437, 14967, 15065, 15121, 15516, 15977, 17057, 18088, 18244, 19279, 20565, 21078, 23017, 23034, 23109, 27501, 24068, 23575, 27686, 28840, 29303, 30817, 32355, 41509, 36913, 37188, 34571, 42521, 39613, 41054, 41570, 45505, 47606, 47949, 46969, 48118, 48128, 49348, 80239, 69951, 89782, 87219, 58766, 97170, 51070, 81262, 72949, 56086, 95473, 54305,
78743, 49420, 70687, 72049, 50686, 64042, 86984, 91729, 84210, 51611, 50404, 90121, 60240, 93775, 94853, 64731, 71302, 93149, 73544, 91035, 81630, 93284, 71858, 63378, 76526, 95021, 73928, 76159, 57645, 55057, 81556]
[2320, 3039, 3947, 6185, 7651, 8411, 8865, 9271, 9412, 9461, 10975, 11009, 11691, 11721, 12348, 12740, 13080, 13253, 13374, 13437, 14967, 15065, 15121, 15516, 15977, 17057, 18088, 18244, 19279, 20565, 21078, 23017, 23034, 23109, 23575, 24068, 27501, 27686, 28840, 29303, 30817, 32355, 41509, 36913, 37188, 34571, 42521, 39613, 41054, 41570, 45505, 47606, 47949, 46969, 48118, 48128, 49348, 80239, 69951, 89782, 87219, 58766, 97170, 51070, 81262, 72949, 56086, 95473, 54305,
78743, 49420, 70687, 72049, 50686, 64042, 86984, 91729, 84210, 51611, 50404, 90121, 60240, 93775, 94853, 64731, 71302, 93149, 73544, 91035, 81630, 93284, 71858, 63378, 76526, 95021, 73928, 76159, 57645, 55057, 81556]
[2320, 3039, 3947, 6185, 7651, 8411, 8865, 9271, 9412, 9461, 10975, 11009, 11691, 11721, 12348, 12740, 13080, 13253, 13374, 13437, 14967, 15065, 15121, 15516, 15977, 17057, 18088, 18244, 19279, 20565, 21078, 23017, 23034, 23109, 23575, 24068, 27501, 27686, 28840, 29303, 30817, 32355, 41509, 36913, 37188, 34571, 42521, 39613, 41054, 41570, 45505, 47606, 47949, 46969, 48118, 48128, 49348, 80239, 69951, 89782, 87219, 58766, 97170, 51070, 81262, 72949, 56086, 95473, 54305,
78743, 49420, 70687, 72049, 50686, 64042, 86984, 91729, 84210, 51611, 50404, 90121, 60240, 93775, 94853, 64731, 71302, 93149, 73544, 91035, 81630, 93284, 71858, 63378, 76526, 95021, 73928, 76159, 57645, 55057, 81556]
[2320, 3039, 3947, 6185, 7651, 8411, 8865, 9271, 9412, 9461, 10975, 11009, 11691, 11721, 12348, 12740, 13080, 13253, 13374, 13437, 14967, 15065, 15121, 15516, 15977, 17057, 18088, 18244, 19279, 20565, 21078, 23017, 23034, 23109, 23575, 24068, 27501, 27686, 28840, 29303, 30817, 32355, 41509, 36913, 37188, 34571, 42521, 39613, 41054, 41570, 45505, 47606, 47949, 46969, 48118, 48128, 49348, 80239, 69951, 89782, 87219, 58766, 97170, 51070, 81262, 72949, 56086, 95473, 54305,
78743, 49420, 70687, 72049, 50686, 64042, 86984, 91729, 84210, 51611, 50404, 90121, 60240, 93775, 94853, 64731, 71302, 93149, 73544, 91035, 81630, 93284, 71858, 63378, 76526, 95021, 73928, 76159, 57645, 55057, 81556]
[2320, 3039, 3947, 6185, 7651, 8411, 8865, 9271, 9412, 9461, 10975, 11009, 11691, 11721, 12348, 12740, 13080, 13253, 13374, 13437, 14967, 15065, 15121, 15516, 15977, 17057, 18088, 18244, 19279, 20565, 21078, 23017, 23034, 23109, 23575, 24068, 27501, 27686, 28840, 29303, 30817, 32355, 39613, 36913, 37188, 34571, 41054, 41509, 42521, 41570, 45505, 47606, 47949, 46969, 48118, 48128, 49348, 80239, 69951, 89782, 87219, 58766, 97170, 51070, 81262, 72949, 56086, 95473, 54305,
78743, 49420, 70687, 72049, 50686, 64042, 86984, 91729, 84210, 51611, 50404, 90121, 60240, 93775, 94853, 64731, 71302, 93149, 73544, 91035, 81630, 93284, 71858, 63378, 76526, 95021, 73928, 76159, 57645, 55057, 81556]
[2320, 3039, 3947, 6185, 7651, 8411, 8865, 9271, 9412, 9461, 10975, 11009, 11691, 11721, 12348, 12740, 13080, 13253, 13374, 13437, 14967, 15065, 15121, 15516, 15977, 17057, 18088, 18244, 19279, 20565, 21078, 23017, 23034, 23109, 23575, 24068, 27501, 27686, 28840, 29303, 30817, 32355, 34571, 36913, 37188, 39613, 41054, 41509, 42521, 41570, 45505, 47606, 47949, 46969, 48118, 48128, 49348, 80239, 69951, 89782, 87219, 58766, 97170, 51070, 81262, 72949, 56086, 95473, 54305,
78743, 49420, 70687, 72049, 50686, 64042, 86984, 91729, 84210, 51611, 50404, 90121, 60240, 93775, 94853, 64731, 71302, 93149, 73544, 91035, 81630, 93284, 71858, 63378, 76526, 95021, 73928, 76159, 57645, 55057, 81556]
[2320, 3039, 3947, 6185, 7651, 8411, 8865, 9271, 9412, 9461, 10975, 11009, 11691, 11721, 12348, 12740, 13080, 13253, 13374, 13437, 14967, 15065, 15121, 15516, 15977, 17057, 18088, 18244, 19279, 20565, 21078, 23017, 23034, 23109, 23575, 24068, 27501, 27686, 28840, 29303, 30817, 32355, 34571, 36913, 37188, 39613, 41054, 41509, 42521, 41570, 45505, 47606, 47949, 46969, 48118, 48128, 49348, 80239, 69951, 89782, 87219, 58766, 97170, 51070, 81262, 72949, 56086, 95473, 54305,
78743, 49420, 70687, 72049, 50686, 64042, 86984, 91729, 84210, 51611, 50404, 90121, 60240, 93775, 94853, 64731, 71302, 93149, 73544, 91035, 81630, 93284, 71858, 63378, 76526, 95021, 73928, 76159, 57645, 55057, 81556]
[2320, 3039, 3947, 6185, 7651, 8411, 8865, 9271, 9412, 9461, 10975, 11009, 11691, 11721, 12348, 12740, 13080, 13253, 13374, 13437, 14967, 15065, 15121, 15516, 15977, 17057, 18088, 18244, 19279, 20565, 21078, 23017, 23034, 23109, 23575, 24068, 27501, 27686, 28840, 29303, 30817, 32355, 34571, 36913, 37188, 39613, 41054, 41509, 42521, 41570, 45505, 47606, 47949, 46969, 48118, 48128, 49348, 80239, 69951, 89782, 87219, 58766, 97170, 51070, 81262, 72949, 56086, 95473, 54305,
78743, 49420, 70687, 72049, 50686, 64042, 86984, 91729, 84210, 51611, 50404, 90121, 60240, 93775, 94853, 64731, 71302, 93149, 73544, 91035, 81630, 93284, 71858, 63378, 76526, 95021, 73928, 76159, 57645, 55057, 81556]
[2320, 3039, 3947, 6185, 7651, 8411, 8865, 9271, 9412, 9461, 10975, 11009, 11691, 11721, 12348, 12740, 13080, 13253, 13374, 13437, 14967, 15065, 15121, 15516, 15977, 17057, 18088, 18244, 19279, 20565, 21078, 23017, 23034, 23109, 23575, 24068, 27501, 27686, 28840, 29303, 30817, 32355, 34571, 36913, 37188, 39613, 41054, 41509, 41570, 42521, 45505, 47606, 47949, 46969, 48118, 48128, 49348, 80239, 69951, 89782, 87219, 58766, 97170, 51070, 81262, 72949, 56086, 95473, 54305,
78743, 49420, 70687, 72049, 50686, 64042, 86984, 91729, 84210, 51611, 50404, 90121, 60240, 93775, 94853, 64731, 71302, 93149, 73544, 91035, 81630, 93284, 71858, 63378, 76526, 95021, 73928, 76159, 57645, 55057, 81556]
[2320, 3039, 3947, 6185, 7651, 8411, 8865, 9271, 9412, 9461, 10975, 11009, 11691, 11721, 12348, 12740, 13080, 13253, 13374, 13437, 14967, 15065, 15121, 15516, 15977, 17057, 18088, 18244, 19279, 20565, 21078, 23017, 23034, 23109, 23575, 24068, 27501, 27686, 28840, 29303, 30817, 32355, 34571, 36913, 37188, 39613, 41054, 41509, 41570, 42521, 45505, 46969, 47606, 47949, 48118, 48128, 49348, 80239, 69951, 89782, 87219, 58766, 97170, 51070, 81262, 72949, 56086, 95473, 54305,
78743, 49420, 70687, 72049, 50686, 64042, 86984, 91729, 84210, 51611, 50404, 90121, 60240, 93775, 94853, 64731, 71302, 93149, 73544, 91035, 81630, 93284, 71858, 63378, 76526, 95021, 73928, 76159, 57645, 55057, 81556]
[2320, 3039, 3947, 6185, 7651, 8411, 8865, 9271, 9412, 9461, 10975, 11009, 11691, 11721, 12348, 12740, 13080, 13253, 13374, 13437, 14967, 15065, 15121, 15516, 15977, 17057, 18088, 18244, 19279, 20565, 21078, 23017, 23034, 23109, 23575, 24068, 27501, 27686, 28840, 29303, 30817, 32355, 34571, 36913, 37188, 39613, 41054, 41509, 41570, 42521, 45505, 46969, 47606, 47949, 48118, 48128, 49348, 64731, 69951, 55057, 57645, 58766, 76159, 51070, 73928, 72949, 56086, 76526, 54305,
78743, 49420, 70687, 72049, 50686, 64042, 63378, 71858, 73544, 51611, 50404, 71302, 60240, 80239, 94853, 93775, 90121, 93149, 84210, 91035, 81630, 93284, 91729, 86984, 95473, 95021, 81262, 97170, 87219, 89782, 81556]
[2320, 3039, 3947, 6185, 7651, 8411, 8865, 9271, 9412, 9461, 10975, 11009, 11691, 11721, 12348, 12740, 13080, 13253, 13374, 13437, 14967, 15065, 15121, 15516, 15977, 17057, 18088, 18244, 19279, 20565, 21078, 23017, 23034, 23109, 23575, 24068, 27501, 27686, 28840, 29303, 30817, 32355, 34571, 36913, 37188, 39613, 41054, 41509, 41570, 42521, 45505, 46969, 47606, 47949, 48118, 48128, 49348, 49420, 60240, 55057, 57645, 58766, 50404, 51070, 51611, 63378, 56086, 64042, 54305,
50686, 64731, 70687, 72049, 78743, 76526, 72949, 71858, 73544, 73928, 76159, 71302, 69951, 80239, 94853, 93775, 90121, 93149, 84210, 91035, 81630, 93284, 91729, 86984, 95473, 95021, 81262, 97170, 87219, 89782, 81556]
[2320, 3039, 3947, 6185, 7651, 8411, 8865, 9271, 9412, 9461, 10975, 11009, 11691, 11721, 12348, 12740, 13080, 13253, 13374, 13437, 14967, 15065, 15121, 15516, 15977, 17057, 18088, 18244, 19279, 20565, 21078, 23017, 23034, 23109, 23575, 24068, 27501, 27686, 28840, 29303, 30817, 32355, 34571, 36913, 37188, 39613, 41054, 41509, 41570, 42521, 45505, 46969, 47606, 47949, 48118, 48128, 49348, 49420, 60240, 55057, 57645, 58766, 50404, 51070, 51611, 63378, 56086, 64042, 54305,
50686, 64731, 70687, 72049, 78743, 76526, 72949, 71858, 73544, 73928, 76159, 71302, 69951, 80239, 94853, 93775, 90121, 93149, 84210, 91035, 81630, 93284, 91729, 86984, 95473, 95021, 81262, 97170, 87219, 89782, 81556]
[2320, 3039, 3947, 6185, 7651, 8411, 8865, 9271, 9412, 9461, 10975, 11009, 11691, 11721, 12348, 12740, 13080, 13253, 13374, 13437, 14967, 15065, 15121, 15516, 15977, 17057, 18088, 18244, 19279, 20565, 21078, 23017, 23034, 23109, 23575, 24068, 27501, 27686, 28840, 29303, 30817, 32355, 34571, 36913, 37188, 39613, 41054, 41509, 41570, 42521, 45505, 46969, 47606, 47949, 48118, 48128, 49348, 49420, 54305, 55057, 57645, 58766, 50404, 51070, 51611, 50686, 56086, 60240, 64042,
63378, 64731, 70687, 72049, 78743, 76526, 72949, 71858, 73544, 73928, 76159, 71302, 69951, 80239, 94853, 93775, 90121, 93149, 84210, 91035, 81630, 93284, 91729, 86984, 95473, 95021, 81262, 97170, 87219, 89782, 81556]
[2320, 3039, 3947, 6185, 7651, 8411, 8865, 9271, 9412, 9461, 10975, 11009, 11691, 11721, 12348, 12740, 13080, 13253, 13374, 13437, 14967, 15065, 15121, 15516, 15977, 17057, 18088, 18244, 19279, 20565, 21078, 23017, 23034, 23109, 23575, 24068, 27501, 27686, 28840, 29303, 30817, 32355, 34571, 36913, 37188, 39613, 41054, 41509, 41570, 42521, 45505, 46969, 47606, 47949, 48118, 48128, 49348, 49420, 50404, 50686, 51611, 51070, 54305, 58766, 57645, 55057, 56086, 60240, 64042,
63378, 64731, 70687, 72049, 78743, 76526, 72949, 71858, 73544, 73928, 76159, 71302, 69951, 80239, 94853, 93775, 90121, 93149, 84210, 91035, 81630, 93284, 91729, 86984, 95473, 95021, 81262, 97170, 87219, 89782, 81556]
[2320, 3039, 3947, 6185, 7651, 8411, 8865, 9271, 9412, 9461, 10975, 11009, 11691, 11721, 12348, 12740, 13080, 13253, 13374, 13437, 14967, 15065, 15121, 15516, 15977, 17057, 18088, 18244, 19279, 20565, 21078, 23017, 23034, 23109, 23575, 24068, 27501, 27686, 28840, 29303, 30817, 32355, 34571, 36913, 37188, 39613, 41054, 41509, 41570, 42521, 45505, 46969, 47606, 47949, 48118, 48128, 49348, 49420, 50404, 50686, 51611, 51070, 54305, 58766, 57645, 55057, 56086, 60240, 64042,
63378, 64731, 70687, 72049, 78743, 76526, 72949, 71858, 73544, 73928, 76159, 71302, 69951, 80239, 94853, 93775, 90121, 93149, 84210, 91035, 81630, 93284, 91729, 86984, 95473, 95021, 81262, 97170, 87219, 89782, 81556]
[2320, 3039, 3947, 6185, 7651, 8411, 8865, 9271, 9412, 9461, 10975, 11009, 11691, 11721, 12348, 12740, 13080, 13253, 13374, 13437, 14967, 15065, 15121, 15516, 15977, 17057, 18088, 18244, 19279, 20565, 21078, 23017, 23034, 23109, 23575, 24068, 27501, 27686, 28840, 29303, 30817, 32355, 34571, 36913, 37188, 39613, 41054, 41509, 41570, 42521, 45505, 46969, 47606, 47949, 48118, 48128, 49348, 49420, 50404, 50686, 51611, 51070, 54305, 58766, 57645, 55057, 56086, 60240, 64042,
63378, 64731, 70687, 72049, 78743, 76526, 72949, 71858, 73544, 73928, 76159, 71302, 69951, 80239, 94853, 93775, 90121, 93149, 84210, 91035, 81630, 93284, 91729, 86984, 95473, 95021, 81262, 97170, 87219, 89782, 81556]
[2320, 3039, 3947, 6185, 7651, 8411, 8865, 9271, 9412, 9461, 10975, 11009, 11691, 11721, 12348, 12740, 13080, 13253, 13374, 13437, 14967, 15065, 15121, 15516, 15977, 17057, 18088, 18244, 19279, 20565, 21078, 23017, 23034, 23109, 23575, 24068, 27501, 27686, 28840, 29303, 30817, 32355, 34571, 36913, 37188, 39613, 41054, 41509, 41570, 42521, 45505, 46969, 47606, 47949, 48118, 48128, 49348, 49420, 50404, 50686, 51070, 51611, 54305, 58766, 57645, 55057, 56086, 60240, 64042,
63378, 64731, 70687, 72049, 78743, 76526, 72949, 71858, 73544, 73928, 76159, 71302, 69951, 80239, 94853, 93775, 90121, 93149, 84210, 91035, 81630, 93284, 91729, 86984, 95473, 95021, 81262, 97170, 87219, 89782, 81556]
[2320, 3039, 3947, 6185, 7651, 8411, 8865, 9271, 9412, 9461, 10975, 11009, 11691, 11721, 12348, 12740, 13080, 13253, 13374, 13437, 14967, 15065, 15121, 15516, 15977, 17057, 18088, 18244, 19279, 20565, 21078, 23017, 23034, 23109, 23575, 24068, 27501, 27686, 28840, 29303, 30817, 32355, 34571, 36913, 37188, 39613, 41054, 41509, 41570, 42521, 45505, 46969, 47606, 47949, 48118, 48128, 49348, 49420, 50404, 50686, 51070, 51611, 54305, 56086, 57645, 55057, 58766, 60240, 64042,
63378, 64731, 70687, 72049, 78743, 76526, 72949, 71858, 73544, 73928, 76159, 71302, 69951, 80239, 94853, 93775, 90121, 93149, 84210, 91035, 81630, 93284, 91729, 86984, 95473, 95021, 81262, 97170, 87219, 89782, 81556]
[2320, 3039, 3947, 6185, 7651, 8411, 8865, 9271, 9412, 9461, 10975, 11009, 11691, 11721, 12348, 12740, 13080, 13253, 13374, 13437, 14967, 15065, 15121, 15516, 15977, 17057, 18088, 18244, 19279, 20565, 21078, 23017, 23034, 23109, 23575, 24068, 27501, 27686, 28840, 29303, 30817, 32355, 34571, 36913, 37188, 39613, 41054, 41509, 41570, 42521, 45505, 46969, 47606, 47949, 48118, 48128, 49348, 49420, 50404, 50686, 51070, 51611, 54305, 55057, 56086, 57645, 58766, 60240, 64042,
63378, 64731, 70687, 72049, 78743, 76526, 72949, 71858, 73544, 73928, 76159, 71302, 69951, 80239, 94853, 93775, 90121, 93149, 84210, 91035, 81630, 93284, 91729, 86984, 95473, 95021, 81262, 97170, 87219, 89782, 81556]
[2320, 3039, 3947, 6185, 7651, 8411, 8865, 9271, 9412, 9461, 10975, 11009, 11691, 11721, 12348, 12740, 13080, 13253, 13374, 13437, 14967, 15065, 15121, 15516, 15977, 17057, 18088, 18244, 19279, 20565, 21078, 23017, 23034, 23109, 23575, 24068, 27501, 27686, 28840, 29303, 30817, 32355, 34571, 36913, 37188, 39613, 41054, 41509, 41570, 42521, 45505, 46969, 47606, 47949, 48118, 48128, 49348, 49420, 50404, 50686, 51070, 51611, 54305, 55057, 56086, 57645, 58766, 60240, 63378,
64042, 64731, 70687, 72049, 78743, 76526, 72949, 71858, 73544, 73928, 76159, 71302, 69951, 80239, 94853, 93775, 90121, 93149, 84210, 91035, 81630, 93284, 91729, 86984, 95473, 95021, 81262, 97170, 87219, 89782, 81556]
[2320, 3039, 3947, 6185, 7651, 8411, 8865, 9271, 9412, 9461, 10975, 11009, 11691, 11721, 12348, 12740, 13080, 13253, 13374, 13437, 14967, 15065, 15121, 15516, 15977, 17057, 18088, 18244, 19279, 20565, 21078, 23017, 23034, 23109, 23575, 24068, 27501, 27686, 28840, 29303, 30817, 32355, 34571, 36913, 37188, 39613, 41054, 41509, 41570, 42521, 45505, 46969, 47606, 47949, 48118, 48128, 49348, 49420, 50404, 50686, 51070, 51611, 54305, 55057, 56086, 57645, 58766, 60240, 63378,
64042, 64731, 69951, 70687, 78743, 76526, 72949, 71858, 73544, 73928, 76159, 71302, 72049, 80239, 94853, 93775, 90121, 93149, 84210, 91035, 81630, 93284, 91729, 86984, 95473, 95021, 81262, 97170, 87219, 89782, 81556]
[2320, 3039, 3947, 6185, 7651, 8411, 8865, 9271, 9412, 9461, 10975, 11009, 11691, 11721, 12348, 12740, 13080, 13253, 13374, 13437, 14967, 15065, 15121, 15516, 15977, 17057, 18088, 18244, 19279, 20565, 21078, 23017, 23034, 23109, 23575, 24068, 27501, 27686, 28840, 29303, 30817, 32355, 34571, 36913, 37188, 39613, 41054, 41509, 41570, 42521, 45505, 46969, 47606, 47949, 48118, 48128, 49348, 49420, 50404, 50686, 51070, 51611, 54305, 55057, 56086, 57645, 58766, 60240, 63378,
64042, 64731, 69951, 70687, 72049, 76526, 72949, 71858, 73544, 73928, 76159, 71302, 78743, 80239, 94853, 93775, 90121, 93149, 84210, 91035, 81630, 93284, 91729, 86984, 95473, 95021, 81262, 97170, 87219, 89782, 81556]
[2320, 3039, 3947, 6185, 7651, 8411, 8865, 9271, 9412, 9461, 10975, 11009, 11691, 11721, 12348, 12740, 13080, 13253, 13374, 13437, 14967, 15065, 15121, 15516, 15977, 17057, 18088, 18244, 19279, 20565, 21078, 23017, 23034, 23109, 23575, 24068, 27501, 27686, 28840, 29303, 30817, 32355, 34571, 36913, 37188, 39613, 41054, 41509, 41570, 42521, 45505, 46969, 47606, 47949, 48118, 48128, 49348, 49420, 50404, 50686, 51070, 51611, 54305, 55057, 56086, 57645, 58766, 60240, 63378,
64042, 64731, 69951, 70687, 71858, 71302, 72049, 72949, 73544, 73928, 76159, 76526, 78743, 80239, 94853, 93775, 90121, 93149, 84210, 91035, 81630, 93284, 91729, 86984, 95473, 95021, 81262, 97170, 87219, 89782, 81556]
[2320, 3039, 3947, 6185, 7651, 8411, 8865, 9271, 9412, 9461, 10975, 11009, 11691, 11721, 12348, 12740, 13080, 13253, 13374, 13437, 14967, 15065, 15121, 15516, 15977, 17057, 18088, 18244, 19279, 20565, 21078, 23017, 23034, 23109, 23575, 24068, 27501, 27686, 28840, 29303, 30817, 32355, 34571, 36913, 37188, 39613, 41054, 41509, 41570, 42521, 45505, 46969, 47606, 47949, 48118, 48128, 49348, 49420, 50404, 50686, 51070, 51611, 54305, 55057, 56086, 57645, 58766, 60240, 63378,
64042, 64731, 69951, 70687, 71302, 71858, 72049, 72949, 73544, 73928, 76159, 76526, 78743, 80239, 94853, 93775, 90121, 93149, 84210, 91035, 81630, 93284, 91729, 86984, 95473, 95021, 81262, 97170, 87219, 89782, 81556]
[2320, 3039, 3947, 6185, 7651, 8411, 8865, 9271, 9412, 9461, 10975, 11009, 11691, 11721, 12348, 12740, 13080, 13253, 13374, 13437, 14967, 15065, 15121, 15516, 15977, 17057, 18088, 18244, 19279, 20565, 21078, 23017, 23034, 23109, 23575, 24068, 27501, 27686, 28840, 29303, 30817, 32355, 34571, 36913, 37188, 39613, 41054, 41509, 41570, 42521, 45505, 46969, 47606, 47949, 48118, 48128, 49348, 49420, 50404, 50686, 51070, 51611, 54305, 55057, 56086, 57645, 58766, 60240, 63378,
64042, 64731, 69951, 70687, 71302, 71858, 72049, 72949, 73544, 73928, 76159, 76526, 78743, 80239, 94853, 93775, 90121, 93149, 84210, 91035, 81630, 93284, 91729, 86984, 95473, 95021, 81262, 97170, 87219, 89782, 81556]
[2320, 3039, 3947, 6185, 7651, 8411, 8865, 9271, 9412, 9461, 10975, 11009, 11691, 11721, 12348, 12740, 13080, 13253, 13374, 13437, 14967, 15065, 15121, 15516, 15977, 17057, 18088, 18244, 19279, 20565, 21078, 23017, 23034, 23109, 23575, 24068, 27501, 27686, 28840, 29303, 30817, 32355, 34571, 36913, 37188, 39613, 41054, 41509, 41570, 42521, 45505, 46969, 47606, 47949, 48118, 48128, 49348, 49420, 50404, 50686, 51070, 51611, 54305, 55057, 56086, 57645, 58766, 60240, 63378,
64042, 64731, 69951, 70687, 71302, 71858, 72049, 72949, 73544, 73928, 76159, 76526, 78743, 80239, 94853, 93775, 90121, 93149, 84210, 91035, 81630, 93284, 91729, 86984, 95473, 95021, 81262, 97170, 87219, 89782, 81556]
[2320, 3039, 3947, 6185, 7651, 8411, 8865, 9271, 9412, 9461, 10975, 11009, 11691, 11721, 12348, 12740, 13080, 13253, 13374, 13437, 14967, 15065, 15121, 15516, 15977, 17057, 18088, 18244, 19279, 20565, 21078, 23017, 23034, 23109, 23575, 24068, 27501, 27686, 28840, 29303, 30817, 32355, 34571, 36913, 37188, 39613, 41054, 41509, 41570, 42521, 45505, 46969, 47606, 47949, 48118, 48128, 49348, 49420, 50404, 50686, 51070, 51611, 54305, 55057, 56086, 57645, 58766, 60240, 63378,
64042, 64731, 69951, 70687, 71302, 71858, 72049, 72949, 73544, 73928, 76159, 76526, 78743, 80239, 94853, 93775, 90121, 93149, 84210, 91035, 81630, 93284, 91729, 86984, 95473, 95021, 81262, 97170, 87219, 89782, 81556]
[2320, 3039, 3947, 6185, 7651, 8411, 8865, 9271, 9412, 9461, 10975, 11009, 11691, 11721, 12348, 12740, 13080, 13253, 13374, 13437, 14967, 15065, 15121, 15516, 15977, 17057, 18088, 18244, 19279, 20565, 21078, 23017, 23034, 23109, 23575, 24068, 27501, 27686, 28840, 29303, 30817, 32355, 34571, 36913, 37188, 39613, 41054, 41509, 41570, 42521, 45505, 46969, 47606, 47949, 48118, 48128, 49348, 49420, 50404, 50686, 51070, 51611, 54305, 55057, 56086, 57645, 58766, 60240, 63378,
64042, 64731, 69951, 70687, 71302, 71858, 72049, 72949, 73544, 73928, 76159, 76526, 78743, 80239, 94853, 93775, 90121, 93149, 84210, 91035, 81630, 93284, 91729, 86984, 95473, 95021, 81262, 97170, 87219, 89782, 81556]
[2320, 3039, 3947, 6185, 7651, 8411, 8865, 9271, 9412, 9461, 10975, 11009, 11691, 11721, 12348, 12740, 13080, 13253, 13374, 13437, 14967, 15065, 15121, 15516, 15977, 17057, 18088, 18244, 19279, 20565, 21078, 23017, 23034, 23109, 23575, 24068, 27501, 27686, 28840, 29303, 30817, 32355, 34571, 36913, 37188, 39613, 41054, 41509, 41570, 42521, 45505, 46969, 47606, 47949, 48118, 48128, 49348, 49420, 50404, 50686, 51070, 51611, 54305, 55057, 56086, 57645, 58766, 60240, 63378,
64042, 64731, 69951, 70687, 71302, 71858, 72049, 72949, 73544, 73928, 76159, 76526, 78743, 80239, 87219, 93775, 90121, 93149, 84210, 91035, 81630, 93284, 91729, 86984, 81556, 89782, 81262, 94853, 97170, 95021, 95473]
[2320, 3039, 3947, 6185, 7651, 8411, 8865, 9271, 9412, 9461, 10975, 11009, 11691, 11721, 12348, 12740, 13080, 13253, 13374, 13437, 14967, 15065, 15121, 15516, 15977, 17057, 18088, 18244, 19279, 20565, 21078, 23017, 23034, 23109, 23575, 24068, 27501, 27686, 28840, 29303, 30817, 32355, 34571, 36913, 37188, 39613, 41054, 41509, 41570, 42521, 45505, 46969, 47606, 47949, 48118, 48128, 49348, 49420, 50404, 50686, 51070, 51611, 54305, 55057, 56086, 57645, 58766, 60240, 63378,
64042, 64731, 69951, 70687, 71302, 71858, 72049, 72949, 73544, 73928, 76159, 76526, 78743, 80239, 81630, 81262, 81556, 86984, 84210, 87219, 91035, 93284, 91729, 93149, 90121, 89782, 93775, 94853, 97170, 95021, 95473]
[2320, 3039, 3947, 6185, 7651, 8411, 8865, 9271, 9412, 9461, 10975, 11009, 11691, 11721, 12348, 12740, 13080, 13253, 13374, 13437, 14967, 15065, 15121, 15516, 15977, 17057, 18088, 18244, 19279, 20565, 21078, 23017, 23034, 23109, 23575, 24068, 27501, 27686, 28840, 29303, 30817, 32355, 34571, 36913, 37188, 39613, 41054, 41509, 41570, 42521, 45505, 46969, 47606, 47949, 48118, 48128, 49348, 49420, 50404, 50686, 51070, 51611, 54305, 55057, 56086, 57645, 58766, 60240, 63378,
64042, 64731, 69951, 70687, 71302, 71858, 72049, 72949, 73544, 73928, 76159, 76526, 78743, 80239, 81556, 81262, 81630, 86984, 84210, 87219, 91035, 93284, 91729, 93149, 90121, 89782, 93775, 94853, 97170, 95021, 95473]
[2320, 3039, 3947, 6185, 7651, 8411, 8865, 9271, 9412, 9461, 10975, 11009, 11691, 11721, 12348, 12740, 13080, 13253, 13374, 13437, 14967, 15065, 15121, 15516, 15977, 17057, 18088, 18244, 19279, 20565, 21078, 23017, 23034, 23109, 23575, 24068, 27501, 27686, 28840, 29303, 30817, 32355, 34571, 36913, 37188, 39613, 41054, 41509, 41570, 42521, 45505, 46969, 47606, 47949, 48118, 48128, 49348, 49420, 50404, 50686, 51070, 51611, 54305, 55057, 56086, 57645, 58766, 60240, 63378,
64042, 64731, 69951, 70687, 71302, 71858, 72049, 72949, 73544, 73928, 76159, 76526, 78743, 80239, 81262, 81556, 81630, 86984, 84210, 87219, 91035, 93284, 91729, 93149, 90121, 89782, 93775, 94853, 97170, 95021, 95473]
[2320, 3039, 3947, 6185, 7651, 8411, 8865, 9271, 9412, 9461, 10975, 11009, 11691, 11721, 12348, 12740, 13080, 13253, 13374, 13437, 14967, 15065, 15121, 15516, 15977, 17057, 18088, 18244, 19279, 20565, 21078, 23017, 23034, 23109, 23575, 24068, 27501, 27686, 28840, 29303, 30817, 32355, 34571, 36913, 37188, 39613, 41054, 41509, 41570, 42521, 45505, 46969, 47606, 47949, 48118, 48128, 49348, 49420, 50404, 50686, 51070, 51611, 54305, 55057, 56086, 57645, 58766, 60240, 63378,
64042, 64731, 69951, 70687, 71302, 71858, 72049, 72949, 73544, 73928, 76159, 76526, 78743, 80239, 81262, 81556, 81630, 84210, 86984, 87219, 91035, 93284, 91729, 93149, 90121, 89782, 93775, 94853, 97170, 95021, 95473]
[2320, 3039, 3947, 6185, 7651, 8411, 8865, 9271, 9412, 9461, 10975, 11009, 11691, 11721, 12348, 12740, 13080, 13253, 13374, 13437, 14967, 15065, 15121, 15516, 15977, 17057, 18088, 18244, 19279, 20565, 21078, 23017, 23034, 23109, 23575, 24068, 27501, 27686, 28840, 29303, 30817, 32355, 34571, 36913, 37188, 39613, 41054, 41509, 41570, 42521, 45505, 46969, 47606, 47949, 48118, 48128, 49348, 49420, 50404, 50686, 51070, 51611, 54305, 55057, 56086, 57645, 58766, 60240, 63378,
64042, 64731, 69951, 70687, 71302, 71858, 72049, 72949, 73544, 73928, 76159, 76526, 78743, 80239, 81262, 81556, 81630, 84210, 86984, 87219, 90121, 89782, 91035, 93149, 91729, 93284, 93775, 94853, 97170, 95021, 95473]
[2320, 3039, 3947, 6185, 7651, 8411, 8865, 9271, 9412, 9461, 10975, 11009, 11691, 11721, 12348, 12740, 13080, 13253, 13374, 13437, 14967, 15065, 15121, 15516, 15977, 17057, 18088, 18244, 19279, 20565, 21078, 23017, 23034, 23109, 23575, 24068, 27501, 27686, 28840, 29303, 30817, 32355, 34571, 36913, 37188, 39613, 41054, 41509, 41570, 42521, 45505, 46969, 47606, 47949, 48118, 48128, 49348, 49420, 50404, 50686, 51070, 51611, 54305, 55057, 56086, 57645, 58766, 60240, 63378,
64042, 64731, 69951, 70687, 71302, 71858, 72049, 72949, 73544, 73928, 76159, 76526, 78743, 80239, 81262, 81556, 81630, 84210, 86984, 87219, 89782, 90121, 91035, 93149, 91729, 93284, 93775, 94853, 97170, 95021, 95473]
[2320, 3039, 3947, 6185, 7651, 8411, 8865, 9271, 9412, 9461, 10975, 11009, 11691, 11721, 12348, 12740, 13080, 13253, 13374, 13437, 14967, 15065, 15121, 15516, 15977, 17057, 18088, 18244, 19279, 20565, 21078, 23017, 23034, 23109, 23575, 24068, 27501, 27686, 28840, 29303, 30817, 32355, 34571, 36913, 37188, 39613, 41054, 41509, 41570, 42521, 45505, 46969, 47606, 47949, 48118, 48128, 49348, 49420, 50404, 50686, 51070, 51611, 54305, 55057, 56086, 57645, 58766, 60240, 63378,
64042, 64731, 69951, 70687, 71302, 71858, 72049, 72949, 73544, 73928, 76159, 76526, 78743, 80239, 81262, 81556, 81630, 84210, 86984, 87219, 89782, 90121, 91035, 91729, 93149, 93284, 93775, 94853, 97170, 95021, 95473]
[2320, 3039, 3947, 6185, 7651, 8411, 8865, 9271, 9412, 9461, 10975, 11009, 11691, 11721, 12348, 12740, 13080, 13253, 13374, 13437, 14967, 15065, 15121, 15516, 15977, 17057, 18088, 18244, 19279, 20565, 21078, 23017, 23034, 23109, 23575, 24068, 27501, 27686, 28840, 29303, 30817, 32355, 34571, 36913, 37188, 39613, 41054, 41509, 41570, 42521, 45505, 46969, 47606, 47949, 48118, 48128, 49348, 49420, 50404, 50686, 51070, 51611, 54305, 55057, 56086, 57645, 58766, 60240, 63378,
64042, 64731, 69951, 70687, 71302, 71858, 72049, 72949, 73544, 73928, 76159, 76526, 78743, 80239, 81262, 81556, 81630, 84210, 86984, 87219, 89782, 90121, 91035, 91729, 93149, 93284, 93775, 94853, 97170, 95021, 95473]
[2320, 3039, 3947, 6185, 7651, 8411, 8865, 9271, 9412, 9461, 10975, 11009, 11691, 11721, 12348, 12740, 13080, 13253, 13374, 13437, 14967, 15065, 15121, 15516, 15977, 17057, 18088, 18244, 19279, 20565, 21078, 23017, 23034, 23109, 23575, 24068, 27501, 27686, 28840, 29303, 30817, 32355, 34571, 36913, 37188, 39613, 41054, 41509, 41570, 42521, 45505, 46969, 47606, 47949, 48118, 48128, 49348, 49420, 50404, 50686, 51070, 51611, 54305, 55057, 56086, 57645, 58766, 60240, 63378,
64042, 64731, 69951, 70687, 71302, 71858, 72049, 72949, 73544, 73928, 76159, 76526, 78743, 80239, 81262, 81556, 81630, 84210, 86984, 87219, 89782, 90121, 91035, 91729, 93149, 93284, 93775, 94853, 95473, 95021, 97170]
[2320, 3039, 3947, 6185, 7651, 8411, 8865, 9271, 9412, 9461, 10975, 11009, 11691, 11721, 12348, 12740, 13080, 13253, 13374, 13437, 14967, 15065, 15121, 15516, 15977, 17057, 18088, 18244, 19279, 20565, 21078, 23017, 23034, 23109, 23575, 24068, 27501, 27686, 28840, 29303, 30817, 32355, 34571, 36913, 37188, 39613, 41054, 41509, 41570, 42521, 45505, 46969, 47606, 47949, 48118, 48128, 49348, 49420, 50404, 50686, 51070, 51611, 54305, 55057, 56086, 57645, 58766, 60240, 63378,
64042, 64731, 69951, 70687, 71302, 71858, 72049, 72949, 73544, 73928, 76159, 76526, 78743, 80239, 81262, 81556, 81630, 84210, 86984, 87219, 89782, 90121, 91035, 91729, 93149, 93284, 93775, 94853, 95021, 95473, 97170]
[2320, 3039, 3947, 6185, 7651, 8411, 8865, 9271, 9412, 9461, 10975, 11009, 11691, 11721, 12348, 12740, 13080, 13253, 13374, 13437, 14967, 15065, 15121, 15516, 15977, 17057, 18088, 18244, 19279, 20565, 21078, 23017, 23034, 23109, 23575, 24068, 27501, 27686, 28840, 29303, 30817, 32355, 34571, 36913, 37188, 39613, 41054, 41509, 41570, 42521, 45505, 46969, 47606, 47949, 48118, 48128, 49348, 49420, 50404, 50686, 51070, 51611, 54305, 55057, 56086, 57645, 58766, 60240, 63378,
64042, 64731, 69951, 70687, 71302, 71858, 72049, 72949, 73544, 73928, 76159, 76526, 78743, 80239, 81262, 81556, 81630, 84210, 86984, 87219, 89782, 90121, 91035, 91729, 93149, 93284, 93775, 94853, 95021, 95473, 97170]